33c51730	1	b379ce_d518d1b4b9934a808fc79cc781a583a3~mv2.jpg
33c51730	2	b379ce_b39ef771cdfd471299c6bd3cb252f288~mv2.jpg
33c51730	3	b379ce_39499363a35c44199a4d0ab264c76f27~mv2.jpg
33c51730	4	b379ce_570c96e6384e491cb92c3daed33602dd~mv2.jpg
33c51730	5	b379ce_f97ff8c39a8b4b83b47f7e35c0fae843~mv2.jpg
285d9ab7	1	b379ce_b3108881c26e4efb859ed33b8e7d198c~mv2.jpg
285d9ab7	2	b379ce_20afe6150aa8411293d2627e7bdb9d18~mv2.jpg
285d9ab7	3	b379ce_394af8b89bf740198a2a201e289a2ed3~mv2.jpg
285d9ab7	4	b379ce_b4d8063f8b5e4dd3bb2fdd9c7c8dcfb6~mv2.jpg
285d9ab7	5	b379ce_6ecb4bc9e17b4d8ea8ee683a540ffcb9~mv2.jpg
af9c163f	1	b379ce_ec526d1dacf840f59153b4dedd08329e~mv2.jpg
af9c163f	2	b379ce_6bfd7586da4f4f34a98683c292dd5b23~mv2.jpg
af9c163f	3	b379ce_a3afe8583bf242e4895c281ad5af36b2~mv2.jpg
af9c163f	4	b379ce_278ddcfec245493ea4b7a6a8aaec7fc8~mv2.jpg
af9c163f	5	b379ce_dda330f46d654a0c8d74792854b193a5~mv2.jpg
eca2fa1e	1	b379ce_5cf69373b8164544a8ca40daf098f81e~mv2.jpg
eca2fa1e	2	b379ce_58f610b32e4d4c04be0a5da4863d1381~mv2.jpg
eca2fa1e	3	b379ce_d406c56567244ba09816b90df87cf057~mv2.jpg
eca2fa1e	4	b379ce_9c976c572a624250a7f0012ed3add1a3~mv2.jpg
eca2fa1e	5	b379ce_e8bf5a2523f84c6da4b2688d1550da90~mv2.jpg
db607b53	1	b379ce_808d8f536e6a4db6aca0897ceb20e939~mv2.jpg
db607b53	2	b379ce_c79413ef87144ed0a0fe61f020b4dcd1~mv2.jpg
db607b53	3	b379ce_16a615b010634319abebd6801a639446~mv2.jpg
db607b53	4	b379ce_a24836dda04e46d692bb5463cae37ada~mv2.jpg
db607b53	5	b379ce_1f2e6e2153eb49eda896300add3c977f~mv2.jpg
c260245d	1	b379ce_d507a4a815fd446583821bd49951a129~mv2.jpg
c260245d	2	b379ce_ae5aa6cd5e09453b8d3bd28abcc29697~mv2.jpg
c260245d	3	b379ce_406c8a8fc8c143fa9f72c02a92df01df~mv2.jpg
c260245d	4	b379ce_3494cd69ffde49c5a2ca8b0e5277c51e~mv2.jpg
c260245d	5	b379ce_c9f48168de094d768b4a536761aeeb04~mv2.jpg
d8033343	1	b379ce_fc328cab52ec490097af89dcd5a88d89~mv2.jpg
d8033343	2	b379ce_2867281fe8ad437293e1ae07b03dc26f~mv2.jpg
d8033343	3	b379ce_e371297b21bd4361ae0c72a2bb9a061e~mv2.jpg
d8033343	4	b379ce_8af6fd0b629d4467a442a9e1f717ff77~mv2.jpg
da5668cb	1	b379ce_70ad7dfaf567471c9e857e5683d73500~mv2.jpg
da5668cb	2	b379ce_f21728b84c4c489ba77192f919ef0ea1~mv2.jpg
da5668cb	3	b379ce_579d4901863f4fe2a27b96fcfe1360e2~mv2.jpg
da5668cb	4	b379ce_0d4f23f0d5a24e46bd809e8df457cf69~mv2.jpg
da5668cb	5	b379ce_3fc2da71a6a14138b0fe94b5e6d1abeb~mv2.jpg
