38ca04a9	1	b379ce_910440ddea3a4406a3583c82d83820aa~mv2.jpg
38ca04a9	2	b379ce_04383a27ac1b45ff823feb6287540896~mv2.jpg
38ca04a9	3	b379ce_a526bf4bd0ad46e88dd85afebb0928d1~mv2.jpg
38ca04a9	4	b379ce_81a45cf4b1b043e69e2e9907a5f17614~mv2.jpg
38ca04a9	5	b379ce_96ac4213d96a417e840b5df0b77befa6~mv2.jpg
494da920	1	b379ce_c98b694372464b24ba99cac7fcc37520~mv2.jpg
494da920	2	b379ce_43296d126f784cc7bd395dbe15ebd42a~mv2.jpg
494da920	3	b379ce_6e5752a868aa4315981c337346e245aa~mv2.jpg
494da920	4	b379ce_2330e91ef39f45b8a95ae2d13385fd71~mv2.jpg
494da920	5	b379ce_b37df2f1b33f4c1d9b898ae94c59ba36~mv2.jpg
5078bedf	1	b379ce_30c4c27212794e2380623414b9654d1b~mv2.jpg
5078bedf	2	b379ce_4a94c1bdc3f04b218b39b51d6eec51bf~mv2.jpg
5078bedf	3	b379ce_f40777982c144d9b9051f298f87398cc~mv2.jpg
5078bedf	4	b379ce_fdada1ad48214152b0094a415bc8717b~mv2.jpg
5078bedf	5	b379ce_828abaa7781143b58d84df0bf2b796e0~mv2.jpg
5078bedf	6	b379ce_7dfdcc2822dc444b9c9d9f4be1315cdd~mv2.jpg
5129f6b0	1	b379ce_88f505c4c6ce445fb8c39a30938985e9~mv2.jpg
5129f6b0	2	b379ce_fd8b9a531ced488cb76184e2221cbe50~mv2.jpg
5129f6b0	3	b379ce_0fc036b351a24eb58c61ebb681158621~mv2.jpg
5129f6b0	4	b379ce_0519f541933149ebb7349bb0bf7c4d78~mv2.jpg
5129f6b0	5	b379ce_85e1a24274a3476abebc9a3c6523fe97~mv2.jpg
5129f6b0	6	b379ce_12e119eb030f4a6285572f29342b0129~mv2.jpg
5531de28	1	b379ce_b9c53e41675e41778455e3e8b6557cec~mv2.jpg
5531de28	2	b379ce_99359b916cea4f27b88cc1db629e3330~mv2.jpg
5531de28	3	b379ce_1412c6b4199f488ebf4454e4c38a7136~mv2.jpg
5531de28	4	b379ce_4353b9c0d69a464f8738bc9a8436d4b7~mv2.jpg
5531de28	5	b379ce_b53736f274324f99b655c0a69862faae~mv2.jpg
57ba0224	1	b379ce_f5e4ebbfa0484e819277a05764ab17da~mv2.jpg
57ba0224	2	b379ce_03286755afd44f83bb49a8b5259229cf~mv2.jpg
57ba0224	3	b379ce_6552431b15304f8b8e28c37f08182c3d~mv2.jpg
57ba0224	4	b379ce_04dbb72113dd48cdadd10c98299948ea~mv2.jpg
57ba0224	5	b379ce_0c500cf9492d4281963997ceb51e0cf7~mv2.jpg
89deaca7	1	b379ce_cec6a08e8ff34999bb2ff2136cbf2099~mv2.jpg
89deaca7	2	b379ce_1366fd59870746a38fbd8a5e447c647b~mv2.jpg
89deaca7	3	b379ce_38a2fa3caffc4843a66b77621bb130d3~mv2.jpg
89deaca7	4	b379ce_f77c4bea45334ad09c0a335d058da3a2~mv2.jpg
89deaca7	5	b379ce_3b2c7ce9c40f4b338dd934a0156cd911~mv2.jpg
89deaca7	6	b379ce_615c2ce8a84f4577812a4dac7293c6e7~mv2.jpg
d551aa1d	1	b379ce_e9e4047334df45958e9fdfb9b31eaf9d~mv2.jpg
d551aa1d	2	b379ce_fc1c3bc2e7bf482ba14a62d25d2d66d3~mv2.jpg
d551aa1d	3	b379ce_a32a2eea78e945ecbda98365949db1d0~mv2.jpg
d551aa1d	4	b379ce_30efd7d8344848a3a9eaee3a54996ce3~mv2.jpg
d551aa1d	5	b379ce_f0bef21c98f64db187ea7e95b51c23d5~mv2.jpg
